    precision    recall  f1-score   support

   IEEEannot       0.32      0.05      0.08     20807
    IEEEtran       0.32      0.24      0.28     21899
   IEEEtranN       0.48      0.15      0.23     21766
   IEEEtranS       0.33      0.20      0.25     21727
  IEEEtranSA       0.67      0.61      0.64     22438
  IEEEtranSN       0.41      0.50      0.45     22245
      JHEP-2       0.50      0.39      0.44     21299
  aaai-named       0.65      0.79      0.71     20864
    abstract       0.28      0.22      0.25     20966
    acmtrans       0.64      0.49      0.55     21347
      aichej       0.96      0.65      0.77     20229
         aip       0.29      0.30      0.30     21472
    alphanum       0.34      0.52      0.41     20913
         ama       0.82      0.89      0.86     20797
    amsalpha       0.69      0.84      0.76     16031
    amsplain       0.73      0.73      0.73     16277
    annotate       0.39      0.27      0.32     21378
  annotation       0.80      0.89      0.84     19443
         apa       0.78      0.52      0.62     21541
apalike-ejor       0.62      0.81      0.70     19905
     apasoft       0.97      0.83      0.89     21600
      astron       0.98      0.84      0.91     21467
         bbs       0.60      0.70      0.65     21385
 besjournals       0.76      0.81      0.78     21364
     biolett       0.89      0.86      0.88     20804
      bookdb       0.32      0.89      0.47     16459
         cbe       0.81      0.62      0.71     21420
     chicago       0.41      0.45      0.43     21335
    chicagoa       0.40      0.23      0.29     21484
          cj       0.54      0.88      0.67     21032
         cpc       0.83      0.51      0.64     21409
      decsci       0.75      0.65      0.69     21006
 development       0.70      0.72      0.71     21494
         fbs       0.97      0.84      0.90     21342
    finplain       0.55      0.54      0.55     21091
    generate       0.31      0.71      0.43      5124
 h-elsevier3       0.15      0.59      0.24     21310
  h-physrev3       0.16      0.19      0.18     20884
  h-physrev4       0.20      0.18      0.19     20986
  h-physrev5       0.29      0.16      0.21     21051
        hum2       0.42      0.52      0.46     21491
    humanbio       0.76      0.49      0.60     21422
    humannat       0.72      0.62      0.67     21482
        iaea       0.30      0.56      0.39     21641
       jbact       0.75      0.85      0.80     21554
         jcc       0.69      0.53      0.60     21315
         jcp       0.29      0.08      0.13     20961
         jmb       0.87      0.70      0.78     21390
   jneurosci       0.90      0.88      0.89     21354
         jpc       0.66      0.59      0.62     21263
    jphysiol       0.66      0.86      0.75     21570
     jqt1999       1.00      0.55      0.71     21355
         jtb       0.98      0.84      0.90     21636
      jtbnew       0.81      0.45      0.58     20830
         mla       0.33      0.33      0.33     21401
        mlaa       0.29      0.36      0.32     21432
    namunsrt       0.99      0.93      0.96     21268
         nar       0.73      0.57      0.64     21039
      natbib       0.46      0.95      0.62     21264
      neuron       0.61      0.79      0.69     21321
   newcastle       0.88      0.78      0.83     19367
          nf       0.38      0.25      0.30     21261
       nflet       0.51      0.45      0.48     21546
        pccp       0.51      0.69      0.59     21004
  perception       1.00      0.95      0.97     20945
          pf       0.21      0.20      0.20     21002
       phjcp       0.28      0.11      0.16     21548
     plainyr       0.31      0.58      0.41     21776
        pnas       0.53      0.49      0.51     21664
    pnas2009       0.51      0.44      0.47     20937
        ppcf       0.74      0.56      0.64     21297
      report       0.37      0.24      0.29     21029
 revcompchem       0.46      0.59      0.52     21512
         rmp       0.93      0.57      0.71     19847
       these       0.75      0.78      0.77     21348
   ugost2003       0.47      0.35      0.40     16508
  ugost2003s       0.37      0.63      0.46     16283
   ugost2008       0.21      0.12      0.15     16374
  ugost2008l       0.22      0.28      0.25     16503
 ugost2008ls       0.22      0.21      0.21     16488
ugost2008mod       0.47      0.49      0.48     16579
 ugost2008ns       0.10      0.83      0.18        70
  ugost2008s       0.22      0.25      0.23     16611
      utcaps       0.53      0.32      0.40     20867
      utphys       0.58      0.23      0.33     20950
         vak       0.97      0.95      0.96     21134
   vancouver       0.62      0.97      0.76     20201
     wmaainf       0.81      0.63      0.71     21369
     zootaxa       0.93      0.72      0.81     21465

    accuracy                           0.55   1801865
   macro avg       0.57      0.55      0.54   1801865
weighted avg       0.58      0.55      0.55   1801865
