  precision    recall  f1-score   support

   IEEEannot       0.30      0.01      0.03     13829
    IEEEtran       0.34      0.58      0.42     14633
   IEEEtranN       0.49      0.52      0.51     14815
   IEEEtranS       0.35      0.12      0.18     14399
  IEEEtranSA       0.76      0.87      0.81     14944
  IEEEtranSN       0.48      0.33      0.39     14934
      JHEP-2       0.28      0.01      0.03     14299
  aaai-named       0.98      0.79      0.88     13986
    abstract       0.76      0.94      0.84     14027
    acmtrans       0.57      0.54      0.56     14271
      aichej       0.65      0.68      0.66     13692
         aip       0.28      0.01      0.02     14315
    alphanum       0.62      0.88      0.73     13942
         ama       0.66      0.47      0.55     13918
    amsalpha       0.86      0.88      0.87     10774
    amsplain       0.34      0.62      0.44     10792
    annotate       0.79      0.80      0.79     14295
  annotation       1.00      1.00      1.00     12997
         apa       0.50      0.43      0.47     14180
apalike-ejor       0.98      0.86      0.92     13228
     apasoft       0.88      0.89      0.89     14177
      astron       0.60      0.79      0.68     13968
         bbs       0.82      0.70      0.76     14346
 besjournals       0.58      0.78      0.67     14155
  bestpapers       1.00      0.03      0.06       185
     biolett       0.70      0.64      0.67     13722
      bookdb       0.80      0.83      0.81     10884
         cbe       0.56      0.44      0.49     14536
     chicago       0.36      0.52      0.43     14260
    chicagoa       0.32      0.15      0.20     14338
          cj       0.39      0.51      0.44     14280
         cpc       0.33      0.16      0.21     14246
      decsci       0.62      0.54      0.58     14064
 development       0.72      0.87      0.79     14091
         fbs       0.34      0.83      0.48     14321
    finplain       0.15      0.40      0.22     14119
    generate       0.19      0.00      0.01      3453
 h-elsevier3       0.46      0.22      0.30     14435
  h-physrev3       0.47      0.00      0.01     14027
  h-physrev4       0.32      0.06      0.10     13830
  h-physrev5       0.33      0.02      0.03     13847
        hum2       0.51      0.69      0.59     14387
    humanbio       0.46      0.46      0.46     14321
    humannat       0.57      0.43      0.49     14422
        iaea       0.54      0.76      0.63     14326
       jbact       0.33      0.53      0.41     14291
         jcc       0.63      0.57      0.60     14214
         jcp       0.32      0.06      0.11     14016
         jmb       0.91      0.76      0.83     14134
   jneurosci       0.53      0.86      0.66     14394
         jpc       0.71      0.60      0.65     14031
    jphysiol       0.89      0.73      0.80     14259
     jqt1999       0.99      0.71      0.83     14134
         jtb       0.55      0.59      0.57     14208
      jtbnew       0.70      0.49      0.58     14055
         mla       0.46      0.34      0.39     14345
        mlaa       0.45      0.42      0.43     14409
    namunsrt       0.99      1.00      0.99     14083
         nar       0.44      0.61      0.51     14067
      natbib       0.72      0.86      0.79     14036
      neuron       0.67      0.72      0.70     14119
   newcastle       0.89      0.84      0.86     12972
          nf       0.58      0.11      0.19     14102
       nflet       0.63      0.19      0.29     14261
        pccp       0.38      0.36      0.37     14027
  perception       0.96      0.95      0.96     13939
          pf       0.14      0.24      0.18     14022
       phjcp       0.15      0.08      0.10     14217
     plainyr       0.12      0.55      0.19     14667
        pnas       0.42      0.79      0.55     14326
    pnas2009       0.42      0.15      0.22     13908
        ppcf       0.62      0.90      0.73     14303
      report       0.19      0.25      0.22     14044
 revcompchem       0.63      0.32      0.43     14446
         rmp       0.93      0.72      0.81     13350
       these       0.80      0.96      0.87     14262
   ugost2003       0.48      0.36      0.41     10994
  ugost2003s       0.48      0.60      0.53     10764
   ugost2008       0.20      0.43      0.27     11132
  ugost2008l       0.25      0.25      0.25     10899
 ugost2008ls       0.19      0.05      0.08     10954
ugost2008mod       0.98      0.38      0.54     11049
  ugost2008n       0.31      0.15      0.21        65
 ugost2008ns       0.31      0.25      0.28        61
  ugost2008s       0.22      0.13      0.16     11023
      utcaps       0.52      0.55      0.54     14049
      utphys       0.42      0.44      0.43     13764
         vak       0.95      0.98      0.96     14008
   vancouver       0.74      0.84      0.79     13498
     wmaainf       0.98      0.90      0.94     14207
     zootaxa       0.79      0.72      0.75     14338

    accuracy                           0.54   1201456
   macro avg       0.56      0.52      0.51   1201456
weighted avg       0.56      0.54      0.52   1201456
