              precision    recall  f1-score   support

   IEEEannot       0.31      0.04      0.07     20957
    IEEEtran       0.25      0.73      0.37     21931
   IEEEtranN       0.43      0.41      0.42     21967
   IEEEtranS       0.34      0.01      0.01     21680
  IEEEtranSA       0.73      0.80      0.77     22415
  IEEEtranSN       0.36      0.57      0.44     22108
      JHEP-2       0.79      0.58      0.67     21360
  aaai-named       0.91      0.90      0.91     20922
    abstract       0.75      0.00      0.00     21111
    acmtrans       0.71      0.76      0.74     21473
      aichej       0.96      0.91      0.94     20369
         aip       0.16      0.00      0.01     21412
    alphanum       0.35      0.88      0.50     20977
         ama       0.96      0.90      0.93     20961
    amsalpha       0.97      0.92      0.94     16073
    amsplain       0.96      0.83      0.89     16271
    annotate       0.51      0.04      0.08     21166
  annotation       0.97      0.94      0.95     19652
         apa       0.76      0.86      0.81     21645
apalike-ejor       0.93      0.88      0.91     19949
     apasoft       0.97      0.96      0.96     21763
      astron       0.97      0.98      0.97     21605
         bbs       0.79      0.82      0.81     21412
 besjournals       0.97      0.93      0.95     21461
  bestpapers       0.00      0.00      0.00       300
     biolett       0.95      0.96      0.96     20687
      bookdb       0.99      0.89      0.94     16427
         cbe       0.89      0.79      0.84     21583
     chicago       0.46      0.19      0.27     21344
    chicagoa       0.44      0.65      0.52     21509
          cj       0.90      0.90      0.90     21088
         cpc       0.39      0.74      0.51     21448
      decsci       0.92      0.82      0.87     21205
 development       0.94      0.92      0.93     21407
         fbs       1.00      0.96      0.98     21308
    finplain       0.61      0.64      0.62     20924
    generate       0.47      0.36      0.41      5122
 h-elsevier3       0.29      0.64      0.40     21416
  h-physrev3       0.02      0.01      0.01     20967
  h-physrev4       0.26      0.05      0.09     21228
  h-physrev5       0.15      0.50      0.23     20880
        hum2       0.82      0.82      0.82     21527
    humanbio       0.73      0.77      0.75     21181
    humannat       0.86      0.96      0.91     21317
        iaea       0.50      0.51      0.50     21432
       jbact       0.96      0.86      0.91     21569
         jcc       0.60      0.63      0.61     21342
         jcp       0.30      0.16      0.21     20980
         jmb       0.89      0.84      0.86     21214
   jneurosci       0.91      0.95      0.93     21520
         jpc       0.66      0.73      0.69     21432
    jphysiol       0.91      0.90      0.90     21382
     jqt1999       0.88      0.64      0.74     21399
         jtb       1.00      0.97      0.99     21603
      jtbnew       0.95      0.73      0.83     20839
         mla       0.09      0.06      0.07     21279
        mlaa       0.47      0.60      0.53     21366
    namunsrt       0.98      1.00      0.99     21096
         nar       0.92      0.85      0.89     21122
      natbib       0.91      0.96      0.93     21296
      neuron       0.92      0.87      0.89     21383
   newcastle       0.97      0.89      0.93     19237
          nf       0.35      0.31      0.33     21449
       nflet       0.57      0.43      0.49     21458
        pccp       0.78      0.78      0.78     20999
  perception       1.00      0.96      0.98     21245
          pf       0.19      0.41      0.26     20949
       phjcp       0.09      0.04      0.05     21479
     plainyr       0.01      0.00      0.00     21520
        pnas       0.50      0.72      0.59     21517
    pnas2009       0.51      0.26      0.35     20951
        ppcf       0.66      0.88      0.75     21268
      report       0.42      0.53      0.47     21057
 revcompchem       0.69      0.79      0.74     21249
         rmp       0.91      0.94      0.92     19812
       these       0.94      0.90      0.92     21288
   ugost2003       0.50      0.00      0.00     16521
  ugost2003s       0.50      0.94      0.65     16514
   ugost2008       0.23      0.08      0.11     16539
  ugost2008l       0.23      0.57      0.33     16307
 ugost2008ls       0.24      0.08      0.12     16257
ugost2008mod       0.73      0.40      0.51     16531
  ugost2008n       0.67      0.05      0.09        80
 ugost2008ns       0.44      0.31      0.36        87
  ugost2008s       0.22      0.27      0.24     16558
      utcaps       0.51      0.54      0.52     20887
      utphys       0.55      0.47      0.51     20786
         vak       0.97      0.98      0.97     20920
   vancouver       0.99      0.94      0.96     20300
     wmaainf       0.90      0.89      0.90     21200
     zootaxa       0.93      0.90      0.91     21510

    accuracy                           0.65   1802237
   macro avg       0.65      0.62      0.61   1802237
weighted avg       0.66      0.65      0.63   1802237
